
Anime Wibu Ino:

279665
279326
277673
277576
278257
277794
277690

Tokyo Ghoult:
213494
207597
199231
197957
193877
193503
190806
190756
179538

Naruto:
179442
175780
175702
175555
175436
175093
175092
175041
174035
171720
Hinata:


304204
303550
302799
302015
299446
295122
262979
215753

Miku:
287655
328483
312005
343606

One Piece:
374619
373921

Mikasa:
704852 
671223 
952931 
688108 
408725 
841393 
768696 
319869

Siesta:
939217 
982384 
889007 
453050 
242199 
172751 
346298 
346086 
548952 
168488 
019109 
466219 
028247 
757938 

Tsunade:
279665
279326
277673
277576
278257
277794
277690
319882
331876
331384
331461
331228
332151
331948
313324

Sayu:
175702
175436
207597
175093
179442
179538
193877
199231
175555
213494
171720
175780
175041
197957
277690
174035
175092

Hanabi:
346086
319869
982384
757938
435372
841393
453050
889007
168488
242199
939217

Zero Two:
281416
308637
233736

Spy x Family:
147577
177674
78651
164586
60635
143726
173023
155579
164846
93223
175827
105877
112326

Sagiri Izumi:
285018
278674
273006
263819
263522
232461
234840
